    0.00    0.00       -2.14632
    0.00    1.50       -2.85672
    0.00    3.00       -4.13847
    0.00    4.50       -5.86146
    0.00    6.00       -7.91928
    0.00    7.50       -9.40431
    0.00    9.00      -10.56048
    0.00   10.50      -11.76958
    0.00   12.00      -13.40077
    0.00   13.50      -15.01888
    0.00   15.00      -16.18144
    0.00   16.50      -17.12473
    0.00   18.00      -18.21214
    0.00   19.50      -19.70931
    0.00   21.00      -21.82883
    0.00   22.50      -24.18114
    0.00   24.00      -25.58040
    0.00   25.50      -26.11310
    0.00   27.00      -26.38865
    0.00   28.50      -26.74917
    0.00   30.00      -27.41375
    0.00   31.50      -28.28626
    0.00   33.00      -28.75444
    0.00   34.50      -28.74274
    0.00   36.00      -28.41481
    0.00   37.50      -27.95451
    0.00   39.00      -27.46223
    0.00   40.50      -26.82684
    0.00   42.00      -25.67147
    0.00   43.50      -23.96189
    0.00   45.00      -22.57819
    0.00   46.50      -21.33757
    0.00   48.00      -20.32873
    0.00   49.50      -19.76587
    0.00   51.00      -19.52760
    0.00   52.50      -19.18830
    0.00   54.00      -18.25367
    0.00   55.50      -17.25791
    0.00   57.00      -16.61134
    0.00   58.50      -16.46352
    0.00   60.00      -17.28130
    0.00   61.50      -18.27075
    0.00   63.00      -19.25550
    0.00   64.50      -20.08264
    0.00   66.00      -20.44042
    0.00   67.50      -20.36439
    0.00   69.00      -19.94569
    0.00   70.50      -19.30850
    0.00   72.00      -18.42714
    0.00   73.50      -16.45812
 
    1.50    0.00       -3.60904
    1.50    1.50       -4.47368
    1.50    3.00       -5.81949
    1.50    4.50       -7.43454
    1.50    6.00       -9.89922
    1.50    7.50      -12.22660
    1.50    9.00      -14.05979
    1.50   10.50      -15.60151
    1.50   12.00      -17.63976
    1.50   13.50      -19.63418
    1.50   15.00      -21.13459
    1.50   16.50      -22.37327
    1.50   18.00      -23.81652
    1.50   19.50      -25.72433
    1.50   21.00      -28.27233
    1.50   22.50      -30.87418
    1.50   24.00      -32.38884
    1.50   25.50      -32.94127
    1.50   27.00      -32.95826
    1.50   28.50      -32.96373
    1.50   30.00      -33.14655
    1.50   31.50      -33.71695
    1.50   33.00      -34.02214
    1.50   34.50      -33.77045
    1.50   36.00      -33.12385
    1.50   37.50      -32.37880
    1.50   39.00      -31.71229
    1.50   40.50      -30.96152
    1.50   42.00      -29.60703
    1.50   43.50      -27.39741
    1.50   45.00      -25.32819
    1.50   46.50      -23.40797
    1.50   48.00      -22.08517
    1.50   49.50      -21.56370
    1.50   51.00      -21.54346
    1.50   52.50      -21.50223
    1.50   54.00      -21.21732
    1.50   55.50      -21.27256
    1.50   57.00      -21.92820
    1.50   58.50      -22.83228
    1.50   60.00      -23.43017
    1.50   61.50      -23.85923
    1.50   63.00      -24.29428
    1.50   64.50      -24.73245
    1.50   66.00      -24.83152
    1.50   67.50      -24.42241
    1.50   69.00      -23.56493
    1.50   70.50      -22.50798
    1.50   72.00      -21.24930
    1.50   73.50      -18.70455
 
    3.00    0.00       -5.09592
    3.00    1.50       -6.06322
    3.00    3.00       -7.54143
    3.00    4.50       -9.15168
    3.00    6.00      -11.80076
    3.00    7.50      -14.96439
    3.00    9.00      -17.66444
    3.00   10.50      -19.60251
    3.00   12.00      -21.64884
    3.00   13.50      -23.83807
    3.00   15.00      -25.57373
    3.00   16.50      -27.11822
    3.00   18.00      -28.84223
    3.00   19.50      -30.92463
    3.00   21.00      -33.42861
    3.00   22.50      -35.73367
    3.00   24.00      -37.09232
    3.00   25.50      -37.51073
    3.00   27.00      -37.38528
    3.00   28.50      -37.15533
    3.00   30.00      -36.91696
    3.00   31.50      -36.88770
    3.00   33.00      -36.65195
    3.00   34.50      -35.87103
    3.00   36.00      -34.69559
    3.00   37.50      -33.52025
    3.00   39.00      -32.58659
    3.00   40.50      -31.66456
    3.00   42.00      -30.16157
    3.00   43.50      -27.67788
    3.00   45.00      -24.95074
    3.00   46.50      -22.82634
    3.00   48.00      -21.81205
    3.00   49.50      -21.81696
    3.00   51.00      -22.46688
    3.00   52.50      -23.26966
    3.00   54.00      -24.09814
    3.00   55.50      -25.51488
    3.00   57.00      -27.37412
    3.00   58.50      -28.94585
    3.00   60.00      -29.60756
    3.00   61.50      -29.58605
    3.00   63.00      -29.31248
    3.00   64.50      -29.05374
    3.00   66.00      -28.52302
    3.00   67.50      -27.50390
    3.00   69.00      -26.05903
    3.00   70.50      -24.60371
    3.00   72.00      -23.09073
    3.00   73.50      -20.20028
 
    4.50    0.00       -6.50371
    4.50    1.50       -7.11733
    4.50    3.00       -8.39789
    4.50    4.50      -10.16398
    4.50    6.00      -13.25862
    4.50    7.50      -17.21445
    4.50    9.00      -20.55411
    4.50   10.50      -22.63659
    4.50   12.00      -24.78284
    4.50   13.50      -27.25593
    4.50   15.00      -29.41610
    4.50   16.50      -31.52037
    4.50   18.00      -33.65053
    4.50   19.50      -35.85602
    4.50   21.00      -38.17493
    4.50   22.50      -40.07033
    4.50   24.00      -41.05990
    4.50   25.50      -41.15851
    4.50   27.00      -40.71224
    4.50   28.50      -40.17177
    4.50   30.00      -39.81512
    4.50   31.50      -39.41527
    4.50   33.00      -38.55774
    4.50   34.50      -37.03885
    4.50   36.00      -35.15138
    4.50   37.50      -33.42899
    4.50   39.00      -32.16736
    4.50   40.50      -31.08749
    4.50   42.00      -29.68564
    4.50   43.50      -27.48953
    4.50   45.00      -24.26319
    4.50   46.50      -22.25892
    4.50   48.00      -21.81449
    4.50   49.50      -22.57098
    4.50   51.00      -24.27769
    4.50   52.50      -26.43126
    4.50   54.00      -28.59968
    4.50   55.50      -31.03290
    4.50   57.00      -33.57661
    4.50   58.50      -35.44893
    4.50   60.00      -36.13997
    4.50   61.50      -35.83613
    4.50   63.00      -35.01386
    4.50   64.50      -33.97485
    4.50   66.00      -32.60821
    4.50   67.50      -30.75887
    4.50   69.00      -28.67827
    4.50   70.50      -26.93062
    4.50   72.00      -25.27084
    4.50   73.50      -21.97605
 
    6.00    0.00       -8.38419
    6.00    1.50       -8.35215
    6.00    3.00       -9.10717
    6.00    4.50      -10.99421
    6.00    6.00      -14.49309
    6.00    7.50      -18.93241
    6.00    9.00      -22.20735
    6.00   10.50      -24.36307
    6.00   12.00      -26.70885
    6.00   13.50      -29.69800
    6.00   15.00      -32.80970
    6.00   16.50      -35.92238
    6.00   18.00      -38.72576
    6.00   19.50      -41.07295
    6.00   21.00      -43.10081
    6.00   22.50      -44.48060
    6.00   24.00      -44.96502
    6.00   25.50      -44.66205
    6.00   27.00      -43.92692
    6.00   28.50      -43.16510
    6.00   30.00      -42.45647
    6.00   31.50      -41.43467
    6.00   33.00      -39.75710
    6.00   34.50      -37.35321
    6.00   36.00      -34.75102
    6.00   37.50      -32.61033
    6.00   39.00      -31.15801
    6.00   40.50      -30.06986
    6.00   42.00      -28.92655
    6.00   43.50      -27.33083
    6.00   45.00      -25.08569
    6.00   46.50      -23.57492
    6.00   48.00      -23.48177
    6.00   49.50      -24.76786
    6.00   51.00      -27.45320
    6.00   52.50      -30.98739
    6.00   54.00      -34.39496
    6.00   55.50      -37.71209
    6.00   57.00      -40.62386
    6.00   58.50      -42.48958
    6.00   60.00      -42.98486
    6.00   61.50      -42.33480
    6.00   63.00      -40.99732
    6.00   64.50      -39.28986
    6.00   66.00      -37.22654
    6.00   67.50      -34.68602
    6.00   69.00      -31.98645
    6.00   70.50      -30.00109
    6.00   72.00      -28.22578
    6.00   73.50      -24.32971
 
    7.50    0.00      -11.37730
    7.50    1.50      -11.34755
    7.50    3.00      -11.51420
    7.50    4.50      -13.59243
    7.50    6.00      -17.00676
    7.50    7.50      -21.29970
    7.50    9.00      -23.76407
    7.50   10.50      -25.88284
    7.50   12.00      -28.78026
    7.50   13.50      -32.64498
    7.50   15.00      -36.70687
    7.50   16.50      -40.68763
    7.50   18.00      -44.08001
    7.50   19.50      -46.57179
    7.50   21.00      -48.24289
    7.50   22.50      -49.08785
    7.50   24.00      -49.09454
    7.50   25.50      -48.44118
    7.50   27.00      -47.49406
    7.50   28.50      -46.48496
    7.50   30.00      -45.09610
    7.50   31.50      -42.90010
    7.50   33.00      -39.93998
    7.50   34.50      -36.61630
    7.50   36.00      -33.58342
    7.50   37.50      -31.37944
    7.50   39.00      -30.11283
    7.50   40.50      -29.42778
    7.50   42.00      -28.99313
    7.50   43.50      -28.40413
    7.50   45.00      -27.51006
    7.50   46.50      -26.90370
    7.50   48.00      -27.22808
    7.50   49.50      -28.89899
    7.50   51.00      -32.20467
    7.50   52.50      -36.63510
    7.50   54.00      -40.91087
    7.50   55.50      -44.73370
    7.50   57.00      -47.77533
    7.50   58.50      -49.46763
    7.50   60.00      -49.68635
    7.50   61.50      -48.67484
    7.50   63.00      -46.84724
    7.50   64.50      -44.57147
    7.50   66.00      -42.02217
    7.50   67.50      -39.13771
    7.50   69.00      -36.07288
    7.50   70.50      -33.87638
    7.50   72.00      -31.80883
    7.50   73.50      -27.11686
 
    9.00    0.00      -15.02960
    9.00    1.50      -15.80001
    9.00    3.00      -15.91921
    9.00    4.50      -18.19025
    9.00    6.00      -21.29618
    9.00    7.50      -23.54660
    9.00    9.00      -25.52828
    9.00   10.50      -28.42447
    9.00   12.00      -32.58006
    9.00   13.50      -37.21992
    9.00   15.00      -41.66663
    9.00   16.50      -45.75125
    9.00   18.00      -49.19185
    9.00   19.50      -51.67183
    9.00   21.00      -53.13764
    9.00   22.50      -53.69163
    9.00   24.00      -53.44160
    9.00   25.50      -52.58376
    9.00   27.00      -51.43632
    9.00   28.50      -50.06147
    9.00   30.00      -47.82526
    9.00   31.50      -44.14212
    9.00   33.00      -39.48772
    9.00   34.50      -35.49992
    9.00   36.00      -32.48944
    9.00   37.50      -30.50493
    9.00   39.00      -29.73758
    9.00   40.50      -29.97159
    9.00   42.00      -30.72763
    9.00   43.50      -31.35529
    9.00   45.00      -31.59386
    9.00   46.50      -31.78215
    9.00   48.00      -32.60652
    9.00   49.50      -34.79547
    9.00   51.00      -38.68720
    9.00   52.50      -43.47287
    9.00   54.00      -47.93052
    9.00   55.50      -51.61093
    9.00   57.00      -54.34300
    9.00   58.50      -55.75341
    9.00   60.00      -55.73232
    9.00   61.50      -54.44284
    9.00   63.00      -52.22180
    9.00   64.50      -49.47527
    9.00   66.00      -46.53015
    9.00   67.50      -43.50451
    9.00   69.00      -40.57883
    9.00   70.50      -38.09683
    9.00   72.00      -35.36562
    9.00   73.50      -29.73822
 
   10.50    0.00      -18.09562
   10.50    1.50      -20.01191
   10.50    3.00      -20.82397
   10.50    4.50      -21.96656
   10.50    6.00      -23.87963
   10.50    7.50      -25.72048
   10.50    9.00      -28.23307
   10.50   10.50      -32.56907
   10.50   12.00      -37.84924
   10.50   13.50      -42.82009
   10.50   15.00      -47.08620
   10.50   16.50      -50.75202
   10.50   18.00      -53.82023
   10.50   19.50      -56.10258
   10.50   21.00      -57.50644
   10.50   22.50      -58.06098
   10.50   24.00      -57.81412
   10.50   25.50      -56.89035
   10.50   27.00      -55.50388
   10.50   28.50      -53.62037
   10.50   30.00      -50.63123
   10.50   31.50      -46.07354
   10.50   33.00      -40.79088
   10.50   34.50      -36.42416
   10.50   36.00      -33.31747
   10.50   37.50      -31.37999
   10.50   39.00      -31.26089
   10.50   40.50      -32.56018
   10.50   42.00      -34.44713
   10.50   43.50      -36.01176
   10.50   45.00      -36.96478
   10.50   46.50      -37.61831
   10.50   48.00      -38.77382
   10.50   49.50      -41.38508
   10.50   51.00      -45.66766
   10.50   52.50      -50.54856
   10.50   54.00      -54.80190
   10.50   55.50      -57.99133
   10.50   57.00      -60.11954
   10.50   58.50      -61.08549
   10.50   60.00      -60.79639
   10.50   61.50      -59.30742
   10.50   63.00      -56.85857
   10.50   64.50      -53.82529
   10.50   66.00      -50.59202
   10.50   67.50      -47.45975
   10.50   69.00      -44.61817
   10.50   70.50      -41.87445
   10.50   72.00      -38.44530
   10.50   73.50      -31.88360
 
   12.00    0.00      -19.61490
   12.00    1.50      -22.19395
   12.00    3.00      -23.34045
   12.00    4.50      -24.57711
   12.00    6.00      -26.62574
   12.00    7.50      -29.45927
   12.00    9.00      -33.19611
   12.00   10.50      -38.37765
   12.00   12.00      -43.70468
   12.00   13.50      -48.37790
   12.00   15.00      -52.19090
   12.00   16.50      -55.31810
   12.00   18.00      -57.89195
   12.00   19.50      -59.90594
   12.00   21.00      -61.32543
   12.00   22.50      -62.06495
   12.00   24.00      -61.98354
   12.00   25.50      -61.03352
   12.00   27.00      -59.31914
   12.00   28.50      -56.84768
   12.00   30.00      -53.30910
   12.00   31.50      -48.65950
   12.00   33.00      -43.88812
   12.00   34.50      -39.81924
   12.00   36.00      -36.67237
   12.00   37.50      -34.88904
   12.00   39.00      -35.34942
   12.00   40.50      -37.24913
   12.00   42.00      -39.58033
   12.00   43.50      -41.54395
   12.00   45.00      -42.84198
   12.00   46.50      -43.73373
   12.00   48.00      -45.05257
   12.00   49.50      -47.81725
   12.00   51.00      -52.14161
   12.00   52.50      -56.80560
   12.00   54.00      -60.63113
   12.00   55.50      -63.26499
   12.00   57.00      -64.80480
   12.00   58.50      -65.30833
   12.00   60.00      -64.74409
   12.00   61.50      -63.12360
   12.00   63.00      -60.59788
   12.00   64.50      -57.44730
   12.00   66.00      -54.00889
   12.00   67.50      -50.65793
   12.00   69.00      -47.61810
   12.00   70.50      -44.53404
   12.00   72.00      -40.53126
   12.00   73.50      -33.29915
 
   13.50    0.00      -20.07831
   13.50    1.50      -23.05129
   13.50    3.00      -24.79153
   13.50    4.50      -26.99828
   13.50    6.00      -30.47182
   13.50    7.50      -35.05754
   13.50    9.00      -39.83797
   13.50   10.50      -44.59299
   13.50   12.00      -49.10884
   13.50   13.50      -53.10675
   13.50   15.00      -56.42628
   13.50   16.50      -59.11020
   13.50   18.00      -61.28171
   13.50   19.50      -63.08451
   13.50   21.00      -64.58957
   13.50   22.50      -65.61921
   13.50   24.00      -65.79625
   13.50   25.50      -64.85997
   13.50   27.00      -62.83441
   13.50   28.50      -59.85880
   13.50   30.00      -56.01852
   13.50   31.50      -51.70078
   13.50   33.00      -47.73063
   13.50   34.50      -44.33928
   13.50   36.00      -41.72726
   13.50   37.50      -40.44874
   13.50   39.00      -40.90921
   13.50   40.50      -42.60496
   13.50   42.00      -44.81618
   13.50   43.50      -46.84277
   13.50   45.00      -48.29347
   13.50   46.50      -49.34455
   13.50   48.00      -50.77322
   13.50   49.50      -53.49510
   13.50   51.00      -57.54203
   13.50   52.50      -61.72907
   13.50   54.00      -65.02560
   13.50   55.50      -67.15389
   13.50   57.00      -68.22615
   13.50   58.50      -68.35708
   13.50   60.00      -67.57504
   13.50   61.50      -65.89466
   13.50   63.00      -63.39571
   13.50   64.50      -60.22786
   13.50   66.00      -56.60914
   13.50   67.50      -52.90486
   13.50   69.00      -49.41365
   13.50   70.50      -45.86056
   13.50   72.00      -41.48352
   13.50   73.50      -33.96718
 
   15.00    0.00      -20.08355
   15.00    1.50      -23.49383
   15.00    3.00      -26.14570
   15.00    4.50      -29.70232
   15.00    6.00      -34.63525
   15.00    7.50      -40.15875
   15.00    9.00      -45.22332
   15.00   10.50      -49.49722
   15.00   12.00      -53.25907
   15.00   13.50      -56.63745
   15.00   15.00      -59.55488
   15.00   16.50      -61.95063
   15.00   18.00      -63.89636
   15.00   19.50      -65.61653
   15.00   21.00      -67.27434
   15.00   22.50      -68.63608
   15.00   24.00      -69.12304
   15.00   25.50      -68.30207
   15.00   27.00      -66.14869
   15.00   28.50      -62.92091
   15.00   30.00      -58.98908
   15.00   31.50      -54.96138
   15.00   33.00      -51.53886
   15.00   34.50      -48.81325
   15.00   36.00      -46.83086
   15.00   37.50      -45.88412
   15.00   39.00      -46.12182
   15.00   40.50      -47.32762
   15.00   42.00      -49.16884
   15.00   43.50      -51.08631
   15.00   45.00      -52.56346
   15.00   46.50      -53.72287
   15.00   48.00      -55.24803
   15.00   49.50      -57.87360
   15.00   51.00      -61.55579
   15.00   52.50      -65.25209
   15.00   54.00      -68.06069
   15.00   55.50      -69.74156
   15.00   57.00      -70.41810
   15.00   58.50      -70.24670
   15.00   60.00      -69.30483
   15.00   61.50      -67.61374
   15.00   63.00      -65.18901
   15.00   64.50      -62.06309
   15.00   66.00      -58.34614
   15.00   67.50      -54.35407
   15.00   69.00      -50.43907
   15.00   70.50      -46.47635
   15.00   72.00      -41.85920
   15.00   73.50      -34.22920
 
   16.50    0.00      -19.97641
   16.50    1.50      -23.90656
   16.50    3.00      -27.53924
   16.50    4.50      -32.19554
   16.50    6.00      -37.81547
   16.50    7.50      -43.53969
   16.50    9.00      -48.52422
   16.50   10.50      -52.53706
   16.50   12.00      -55.89535
   16.50   13.50      -58.88161
   16.50   15.00      -61.53534
   16.50   16.50      -63.81032
   16.50   18.00      -65.75174
   16.50   19.50      -67.56716
   16.50   21.00      -69.41959
   16.50   22.50      -71.05519
   16.50   24.00      -71.82060
   16.50   25.50      -71.20845
   16.50   27.00      -69.15717
   16.50   28.50      -65.96737
   16.50   30.00      -62.15010
   16.50   31.50      -58.37556
   16.50   33.00      -55.23919
   16.50   34.50      -52.86253
   16.50   36.00      -51.17845
   16.50   37.50      -50.23533
   16.50   39.00      -50.10206
   16.50   40.50      -50.77927
   16.50   42.00      -52.16670
   16.50   43.50      -53.81899
   16.50   45.00      -55.21249
   16.50   46.50      -56.41227
   16.50   48.00      -57.99492
   16.50   49.50      -60.57799
   16.50   51.00      -64.07049
   16.50   52.50      -67.44773
   16.50   54.00      -69.86609
   16.50   55.50      -71.13528
   16.50   57.00      -71.42725
   16.50   58.50      -70.96264
   16.50   60.00      -69.87051
   16.50   61.50      -68.16776
   16.50   63.00      -65.81239
   16.50   64.50      -62.77895
   16.50   66.00      -59.13489
   16.50   67.50      -55.12439
   16.50   69.00      -51.04455
   16.50   70.50      -46.85967
   16.50   72.00      -42.07534
   16.50   73.50      -34.35247
 
   18.00    0.00      -19.86363
   18.00    1.50      -24.24593
   18.00    3.00      -28.61589
   18.00    4.50      -33.91186
   18.00    6.00      -39.77077
   18.00    7.50      -45.42735
   18.00    9.00      -50.26951
   18.00   10.50      -54.14713
   18.00   12.00      -57.30231
   18.00   13.50      -60.03894
   18.00   15.00      -62.51659
   18.00   16.50      -64.80285
   18.00   18.00      -66.95179
   18.00   19.50      -69.03999
   18.00   21.00      -71.10108
   18.00   22.50      -72.88721
   18.00   24.00      -73.83103
   18.00   25.50      -73.44344
   18.00   27.00      -71.61397
   18.00   28.50      -68.61806
   18.00   30.00      -65.00983
   18.00   31.50      -61.46674
   18.00   33.00      -58.50499
   18.00   34.50      -56.23293
   18.00   36.00      -54.52623
   18.00   37.50      -53.32377
   18.00   39.00      -52.68861
   18.00   40.50      -52.75054
   18.00   42.00      -53.56665
   18.00   43.50      -54.85971
   18.00   45.00      -56.14554
   18.00   46.50      -57.38821
   18.00   48.00      -59.05097
   18.00   49.50      -61.67952
   18.00   51.00      -65.11195
   18.00   52.50      -68.28368
   18.00   54.00      -70.38887
   18.00   55.50      -71.28581
   18.00   57.00      -71.19611
   18.00   58.50      -70.41655
   18.00   60.00      -69.14802
   18.00   61.50      -67.41067
   18.00   63.00      -65.11351
   18.00   64.50      -62.20964
   18.00   66.00      -58.76688
   18.00   67.50      -54.97973
   18.00   69.00      -51.05649
   18.00   70.50      -46.93261
   18.00   72.00      -42.12734
   18.00   73.50      -34.36281
 
   19.50    0.00      -19.79498
   19.50    1.50      -24.45417
   19.50    3.00      -29.25388
   19.50    4.50      -34.89947
   19.50    6.00      -40.86148
   19.50    7.50      -46.44610
   19.50    9.00      -51.19083
   19.50   10.50      -54.98257
   19.50   12.00      -57.99391
   19.50   13.50      -60.52062
   19.50   15.00      -62.85025
   19.50   16.50      -65.20283
   19.50   18.00      -67.64638
   19.50   19.50      -70.07698
   19.50   21.00      -72.34706
   19.50   22.50      -74.22169
   19.50   24.00      -75.27047
   19.50   25.50      -75.05726
   19.50   27.00      -73.42074
   19.50   28.50      -70.58180
   19.50   30.00      -67.10885
   19.50   31.50      -63.71582
   19.50   33.00      -60.87454
   19.50   34.50      -58.60351
   19.50   36.00      -56.70324
   19.50   37.50      -55.07719
   19.50   39.00      -53.83879
   19.50   40.50      -53.23957
   19.50   42.00      -53.46175
   19.50   43.50      -54.36024
   19.50   45.00      -55.53877
   19.50   46.50      -56.88684
   19.50   48.00      -58.70971
   19.50   49.50      -61.36650
   19.50   51.00      -64.61794
   19.50   52.50      -67.54268
   19.50   54.00      -69.39747
   19.50   55.50      -70.01365
   19.50   57.00      -69.60285
   19.50   58.50      -68.51992
   19.50   60.00      -67.06761
   19.50   61.50      -65.30432
   19.50   63.00      -63.09164
   19.50   64.50      -60.33933
   19.50   66.00      -57.13061
   19.50   67.50      -53.68534
   19.50   69.00      -50.15377
   19.50   70.50      -46.36706
   19.50   72.00      -41.77282
   19.50   73.50      -34.12210
 
   21.00    0.00      -19.92327
   21.00    1.50      -24.71248
   21.00    3.00      -29.69789
   21.00    4.50      -35.54377
   21.00    6.00      -41.56888
   21.00    7.50      -47.10937
   21.00    9.00      -51.78893
   21.00   10.50      -55.50669
   21.00   12.00      -58.38479
   21.00   13.50      -60.72013
   21.00   15.00      -62.91669
   21.00   16.50      -65.31793
   21.00   18.00      -67.99985
   21.00   19.50      -70.74280
   21.00   21.00      -73.24929
   21.00   22.50      -75.23793
   21.00   24.00      -76.35297
   21.00   25.50      -76.21549
   21.00   27.00      -74.63808
   21.00   28.50      -71.78631
   21.00   30.00      -68.24829
   21.00   31.50      -64.83373
   21.00   33.00      -62.00472
   21.00   34.50      -59.64626
   21.00   36.00      -57.44933
   21.00   37.50      -55.28406
   21.00   39.00      -53.33359
   21.00   40.50      -52.02169
   21.00   42.00      -51.69575
   21.00   43.50      -52.27768
   21.00   45.00      -53.39937
   21.00   46.50      -54.89533
   21.00   48.00      -56.86382
   21.00   49.50      -59.40198
   21.00   51.00      -62.29398
   21.00   52.50      -64.92925
   21.00   54.00      -66.64089
   21.00   55.50      -67.14890
   21.00   57.00      -66.58037
   21.00   58.50      -65.30955
   21.00   60.00      -63.75769
   21.00   61.50      -62.06193
   21.00   63.00      -60.02117
   21.00   64.50      -57.44912
   21.00   66.00      -54.45092
   21.00   67.50      -51.35921
   21.00   69.00      -48.30023
   21.00   70.50      -44.97551
   21.00   72.00      -40.77113
   21.00   73.50      -33.46367
 
   22.50    0.00      -20.48090
   22.50    1.50      -25.42697
   22.50    3.00      -30.44007
   22.50    4.50      -36.31639
   22.50    6.00      -42.29272
   22.50    7.50      -47.75060
   22.50    9.00      -52.35164
   22.50   10.50      -55.98234
   22.50   12.00      -58.72898
   22.50   13.50      -60.89932
   22.50   15.00      -62.98353
   22.50   16.50      -65.40323
   22.50   18.00      -68.24677
   22.50   19.50      -71.24808
   22.50   21.00      -73.99162
   22.50   22.50      -76.08064
   22.50   24.00      -77.16952
   22.50   25.50      -76.94703
   22.50   27.00      -75.23587
   22.50   28.50      -72.15382
   22.50   30.00      -68.29186
   22.50   31.50      -64.57912
   22.50   33.00      -61.54141
   22.50   34.50      -58.95790
   22.50   36.00      -56.38711
   22.50   37.50      -53.60230
   22.50   39.00      -50.80625
   22.50   40.50      -48.65600
   22.50   42.00      -47.80160
   22.50   43.50      -48.20591
   22.50   45.00      -49.39162
   22.50   46.50      -51.07610
   22.50   48.00      -53.12479
   22.50   49.50      -55.41782
   22.50   51.00      -57.87387
   22.50   52.50      -60.27161
   22.50   54.00      -61.99847
   22.50   55.50      -62.61656
   22.50   57.00      -62.13939
   22.50   58.50      -60.93472
   22.50   60.00      -59.50787
   22.50   61.50      -58.07380
   22.50   63.00      -56.36769
   22.50   64.50      -54.08563
   22.50   66.00      -51.32979
   22.50   67.50      -48.56304
   22.50   69.00      -45.93709
   22.50   70.50      -43.05415
   22.50   72.00      -39.27359
   22.50   73.50      -32.45514
 
   24.00    0.00      -21.48621
   24.00    1.50      -26.77449
   24.00    3.00      -31.81384
   24.00    4.50      -37.45648
   24.00    6.00      -43.21516
   24.00    7.50      -48.52979
   24.00    9.00      -53.03880
   24.00   10.50      -56.58465
   24.00   12.00      -59.22242
   24.00   13.50      -61.27178
   24.00   15.00      -63.27841
   24.00   16.50      -65.70732
   24.00   18.00      -68.65448
   24.00   19.50      -71.80233
   24.00   21.00      -74.62351
   24.00   22.50      -76.63853
   24.00   24.00      -77.50873
   24.00   25.50      -76.97883
   24.00   27.00      -74.89149
   24.00   28.50      -71.31700
   24.00   30.00      -66.81634
   24.00   31.50      -62.44297
   24.00   33.00      -58.89622
   24.00   34.50      -55.92305
   24.00   36.00      -52.95796
   24.00   37.50      -49.57673
   24.00   39.00      -45.84975
   24.00   40.50      -42.68464
   24.00   42.00      -41.31380
   24.00   43.50      -41.67874
   24.00   45.00      -43.11966
   24.00   46.50      -45.12567
   24.00   48.00      -47.27970
   24.00   49.50      -49.32024
   24.00   51.00      -51.38413
   24.00   52.50      -53.63531
   24.00   54.00      -55.50420
   24.00   55.50      -56.42079
   24.00   57.00      -56.28889
   24.00   58.50      -55.46478
   24.00   60.00      -54.46990
   24.00   61.50      -53.53996
   24.00   63.00      -52.40090
   24.00   64.50      -50.68818
   24.00   66.00      -48.42083
   24.00   67.50      -46.03494
   24.00   69.00      -43.75409
   24.00   70.50      -41.19547
   24.00   72.00      -37.76871
   24.00   73.50      -31.41949
 
   25.50    0.00      -22.54642
   25.50    1.50      -28.19487
   25.50    3.00      -33.25417
   25.50    4.50      -38.68915
   25.50    6.00      -44.24338
   25.50    7.50      -49.45515
   25.50    9.00      -53.94361
   25.50   10.50      -57.49153
   25.50   12.00      -60.10982
   25.50   13.50      -62.11218
   25.50   15.00      -64.04477
   25.50   16.50      -66.37387
   25.50   18.00      -69.21646
   25.50   19.50      -72.23284
   25.50   21.00      -74.83447
   25.50   22.50      -76.51024
   25.50   24.00      -76.92024
   25.50   25.50      -75.82479
   25.50   27.00      -73.07495
   25.50   28.50      -68.68667
   25.50   30.00      -63.17758
   25.50   31.50      -57.79040
   25.50   33.00      -53.38104
   25.50   34.50      -49.67486
   25.50   36.00      -46.23100
   25.50   37.50      -42.55990
   25.50   39.00      -38.15660
   25.50   40.50      -33.98043
   25.50   42.00      -32.25655
   25.50   43.50      -32.63865
   25.50   45.00      -34.51402
   25.50   46.50      -37.11352
   25.50   48.00      -39.63119
   25.50   49.50      -41.62973
   25.50   51.00      -43.39143
   25.50   52.50      -45.37867
   25.50   54.00      -47.29667
   25.50   55.50      -48.59998
   25.50   57.00      -49.00770
   25.50   58.50      -48.77156
   25.50   60.00      -48.37557
   25.50   61.50      -48.12001
   25.50   63.00      -47.81815
   25.50   64.50      -47.06626
   25.50   66.00      -45.70838
   25.50   67.50      -44.00536
   25.50   69.00      -42.13767
   25.50   70.50      -39.86183
   25.50   72.00      -36.71121
   25.50   73.50      -30.65252
 
   27.00    0.00      -23.25224
   27.00    1.50      -29.12328
   27.00    3.00      -34.26693
   27.00    4.50      -39.65426
   27.00    6.00      -45.15633
   27.00    7.50      -50.41464
   27.00    9.00      -55.06070
   27.00   10.50      -58.81935
   27.00   12.00      -61.60718
   27.00   13.50      -63.64612
   27.00   15.00      -65.40599
   27.00   16.50      -67.34110
   27.00   18.00      -69.67077
   27.00   19.50      -72.13805
   27.00   21.00      -74.16589
   27.00   22.50      -75.22193
   27.00   24.00      -74.92367
   27.00   25.50      -72.99546
   27.00   27.00      -69.32394
   27.00   28.50      -63.99614
   27.00   30.00      -57.45884
   27.00   31.50      -50.87513
   27.00   33.00      -45.02660
   27.00   34.50      -39.57565
   27.00   36.00      -35.11827
   27.00   37.50      -31.87026
   27.00   39.00      -27.67519
   27.00   40.50      -23.36043
   27.00   42.00      -21.48446
   27.00   43.50      -21.39863
   27.00   45.00      -23.82724
   27.00   46.50      -27.48693
   27.00   48.00      -30.86294
   27.00   49.50      -33.17155
   27.00   51.00      -34.62684
   27.00   52.50      -36.00428
   27.00   54.00      -37.62020
   27.00   55.50      -39.22187
   27.00   57.00      -40.23261
   27.00   58.50      -40.59921
   27.00   60.00      -40.68098
   27.00   61.50      -41.11433
   27.00   63.00      -42.00325
   27.00   64.50      -42.66607
   27.00   66.00      -42.63017
   27.00   67.50      -41.97171
   27.00   69.00      -40.75283
   27.00   70.50      -38.83855
   27.00   72.00      -35.91471
   27.00   73.50      -30.03435
 
   28.50    0.00      -23.52798
   28.50    1.50      -29.49844
   28.50    3.00      -34.71426
   28.50    4.50      -40.14651
   28.50    6.00      -45.72845
   28.50    7.50      -51.17752
   28.50    9.00      -56.14680
   28.50   10.50      -60.30565
   28.50   12.00      -63.42909
   28.50   13.50      -65.54291
   28.50   15.00      -66.96798
   28.50   16.50      -68.18528
   28.50   18.00      -69.60107
   28.50   19.50      -71.12396
   28.50   21.00      -72.23756
   28.50   22.50      -72.38985
   28.50   24.00      -71.12793
   28.50   25.50      -68.09697
   28.50   27.00      -63.30051
   28.50   28.50      -57.29673
   28.50   30.00      -50.51063
   28.50   31.50      -43.02848
   28.50   33.00      -35.20248
   28.50   34.50      -25.42866
   28.50   36.00      -14.04412
   28.50   37.50      -13.31968
   28.50   39.00      -12.66125
   28.50   40.50      -10.00106
   28.50   42.00       -8.25504
   28.50   43.50       -8.20724
   28.50   45.00      -10.98461
   28.50   46.50      -16.63837
   28.50   48.00      -21.51653
   28.50   49.50      -24.48687
   28.50   51.00      -25.55190
   28.50   52.50      -26.05685
   28.50   54.00      -27.00840
   28.50   55.50      -28.55052
   28.50   57.00      -29.95998
   28.50   58.50      -30.74824
   28.50   60.00      -30.97040
   28.50   61.50      -31.99750
   28.50   63.00      -34.49456
   28.50   64.50      -37.03797
   28.50   66.00      -38.63327
   28.50   67.50      -39.32297
   28.50   69.00      -38.94760
   28.50   70.50      -37.48571
   28.50   72.00      -34.81973
   28.50   73.50      -29.19019
 
   30.00    0.00      -23.43004
   30.00    1.50      -29.38044
   30.00    3.00      -34.60173
   30.00    4.50      -40.07068
   30.00    6.00      -45.76256
   30.00    7.50      -51.43501
   30.00    9.00      -56.73396
   30.00   10.50      -61.26354
   30.00   12.00      -64.66294
   30.00   13.50      -66.75920
   30.00   15.00      -67.72356
   30.00   16.50      -68.07673
   30.00   18.00      -68.39326
   30.00   19.50      -68.74883
   30.00   21.00      -68.70312
   30.00   22.50      -67.69578
   30.00   24.00      -65.21879
   30.00   25.50      -60.86027
   30.00   27.00      -54.80226
   30.00   28.50      -48.31153
   30.00   30.00      -41.92133
   30.00   31.50      -34.56668
   30.00   33.00      -25.98464
   30.00   34.50      -12.22379
   30.00   36.00       -7.36309
   30.00   37.50       -6.12438
   30.00   39.00       -5.35432
   30.00   40.50       -4.79432
   30.00   42.00       -4.47204
   30.00   43.50       -4.39440
   30.00   45.00       -4.60723
   30.00   46.50       -6.65136
   30.00   48.00      -12.02982
   30.00   49.50      -15.45530
   30.00   51.00      -16.22823
   30.00   52.50      -15.85311
   30.00   54.00      -15.81051
   30.00   55.50      -16.77938
   30.00   57.00      -18.01728
   30.00   58.50      -18.73830
   30.00   60.00      -18.98925
   30.00   61.50      -20.78160
   30.00   63.00      -24.93154
   30.00   64.50      -29.59079
   30.00   66.00      -33.42246
   30.00   67.50      -35.77152
   30.00   69.00      -36.23797
   30.00   70.50      -35.21765
   30.00   72.00      -32.93427
   30.00   73.50      -27.81400
 
   31.50    0.00      -23.03406
   31.50    1.50      -28.85164
   31.50    3.00      -33.98158
   31.50    4.50      -39.39945
   31.50    6.00      -45.12653
   31.50    7.50      -50.94054
   31.50    9.00      -56.42820
   31.50   10.50      -61.09454
   31.50   12.00      -64.49404
   31.50   13.50      -66.36400
   31.50   15.00      -66.78141
   31.50   16.50      -66.24297
   31.50   18.00      -65.41448
   31.50   19.50      -64.52562
   31.50   21.00      -63.21055
   31.50   22.50      -60.86797
   31.50   24.00      -56.91399
   31.50   25.50      -51.06636
   31.50   27.00      -44.05853
   31.50   28.50      -37.48153
   31.50   30.00      -32.13670
   31.50   31.50      -26.71542
   31.50   33.00      -20.07780
   31.50   34.50       -8.45591
   31.50   36.00       -5.25121
   31.50   37.50       -4.42952
   31.50   39.00       -3.91762
   31.50   40.50       -3.57632
   31.50   42.00       -3.36839
   31.50   43.50       -3.28092
   31.50   45.00       -3.31093
   31.50   46.50       -3.47763
   31.50   48.00       -3.84329
   31.50   49.50       -6.76387
   31.50   51.00       -7.11640
   31.50   52.50       -5.99531
   31.50   54.00       -6.07175
   31.50   55.50       -6.27283
   31.50   57.00       -6.50150
   31.50   58.50       -6.69452
   31.50   60.00       -5.58178
   31.50   61.50       -8.12708
   31.50   63.00      -13.18275
   31.50   64.50      -20.86495
   31.50   66.00      -28.09896
   31.50   67.50      -31.78174
   31.50   69.00      -32.75307
   31.50   70.50      -31.98948
   31.50   72.00      -30.23974
   31.50   73.50      -25.89515
 
   33.00    0.00      -22.43180
   33.00    1.50      -28.03120
   33.00    3.00      -32.96462
   33.00    4.50      -38.18985
   33.00    6.00      -43.79129
   33.00    7.50      -49.58647
   33.00    9.00      -55.07147
   33.00   10.50      -59.60311
   33.00   12.00      -62.70244
   33.00   13.50      -64.13481
   33.00   15.00      -63.90292
   33.00   16.50      -62.36920
   33.00   18.00      -60.24820
   33.00   19.50      -58.05072
   33.00   21.00      -55.51022
   33.00   22.50      -51.87435
   33.00   24.00      -46.33542
   33.00   25.50      -38.69953
   33.00   27.00      -31.52307
   33.00   28.50      -25.87985
   33.00   30.00      -22.14201
   33.00   31.50      -18.98829
   33.00   33.00      -14.64070
   33.00   34.50       -8.32949
   33.00   36.00       -5.39726
   33.00   37.50       -3.45462
   33.00   39.00       -3.08487
   33.00   40.50       -2.83830
   33.00   42.00       -2.67955
   33.00   43.50       -2.59413
   33.00   45.00       -2.57313
   33.00   46.50       -2.60935
   33.00   48.00       -2.69396
   33.00   49.50       -2.81093
   33.00   51.00       -2.90614
   33.00   52.50       -2.97336
   33.00   54.00       -3.04767
   33.00   55.50       -3.13020
   33.00   57.00       -3.21962
   33.00   58.50       -3.32654
   33.00   60.00       -3.50145
   33.00   61.50       -3.91498
   33.00   63.00       -6.43788
   33.00   64.50      -13.96079
   33.00   66.00      -24.53636
   33.00   67.50      -28.57259
   33.00   69.00      -29.39659
   33.00   70.50      -28.71694
   33.00   72.00      -27.31149
   33.00   73.50      -23.65869
 
   34.50    0.00      -21.69927
   34.50    1.50      -27.04828
   34.50    3.00      -31.70957
   34.50    4.50      -36.61018
   34.50    6.00      -41.88635
   34.50    7.50      -47.42748
   34.50    9.00      -52.67489
   34.50   10.50      -56.83013
   34.50   12.00      -59.42283
   34.50   13.50      -60.27730
   34.50   15.00      -59.28558
   34.50   16.50      -56.57408
   34.50   18.00      -52.89091
   34.50   19.50      -49.27575
   34.50   21.00      -45.68998
   34.50   22.50      -41.19135
   34.50   24.00      -34.80101
   34.50   25.50      -26.01709
   34.50   27.00      -18.35336
   34.50   28.50      -14.12488
   34.50   30.00      -12.22447
   34.50   31.50      -10.98552
   34.50   33.00       -9.01195
   34.50   34.50       -6.29439
   34.50   36.00       -4.54299
   34.50   37.50       -2.78235
   34.50   39.00       -2.51043
   34.50   40.50       -2.32341
   34.50   42.00       -2.19632
   34.50   43.50       -2.11775
   34.50   45.00       -2.07972
   34.50   46.50       -2.07498
   34.50   48.00       -2.09531
   34.50   49.50       -2.13063
   34.50   51.00       -2.17093
   34.50   52.50       -2.21171
   34.50   54.00       -2.25406
   34.50   55.50       -2.30088
   34.50   57.00       -2.35889
   34.50   58.50       -2.44818
   34.50   60.00       -2.63423
   34.50   61.50       -3.17502
   34.50   63.00       -9.26453
   34.50   64.50      -17.49638
   34.50   66.00      -23.93227
   34.50   67.50      -26.04407
   34.50   69.00      -25.91493
   34.50   70.50      -25.14930
   34.50   72.00      -24.05252
   34.50   73.50      -21.01366
 
   36.00    0.00      -20.81968
   36.00    1.50      -25.91505
   36.00    3.00      -30.30736
   36.00    4.50      -34.85475
   36.00    6.00      -39.69742
   36.00    7.50      -44.73958
   36.00    9.00      -49.41510
   36.00   10.50      -52.88953
   36.00   12.00      -54.76883
   36.00   13.50      -54.93862
   36.00   15.00      -53.16444
   36.00   16.50      -49.27658
   36.00   18.00      -43.95397
   36.00   19.50      -38.82236
   36.00   21.00      -34.37184
   36.00   22.50      -29.58853
   36.00   24.00      -23.35862
   36.00   25.50      -15.14945
   36.00   27.00       -7.09598
   36.00   28.50       -5.65283
   36.00   30.00       -4.74178
   36.00   31.50       -4.04072
   36.00   33.00       -3.43763
   36.00   34.50       -2.93172
   36.00   36.00       -2.55449
   36.00   37.50       -2.28114
   36.00   39.00       -2.08333
   36.00   40.50       -1.93894
   36.00   42.00       -1.83568
   36.00   43.50       -1.76582
   36.00   45.00       -1.72347
   36.00   46.50       -1.70329
   36.00   48.00       -1.69994
   36.00   49.50       -1.70809
   36.00   51.00       -1.72315
   36.00   52.50       -1.74242
   36.00   54.00       -1.76566
   36.00   55.50       -1.79577
   36.00   57.00       -1.84281
   36.00   58.50       -1.93947
   36.00   60.00       -2.22741
   36.00   61.50       -7.38744
   36.00   63.00      -13.55439
   36.00   64.50      -19.13697
   36.00   66.00      -22.02614
   36.00   67.50      -22.00637
   36.00   69.00      -20.81073
   36.00   70.50      -20.08094
   36.00   72.00      -19.59447
   36.00   73.50      -17.35502
 
   37.50    0.00      -19.67445
   37.50    1.50      -24.49251
   37.50    3.00      -28.62374
   37.50    4.50      -32.80918
   37.50    6.00      -37.16842
   37.50    7.50      -41.54562
   37.50    9.00      -45.28912
   37.50   10.50      -47.70149
   37.50   12.00      -48.56487
   37.50   13.50      -47.90801
   37.50   15.00      -45.47113
   37.50   16.50      -40.76918
   37.50   18.00      -34.18594
   37.50   19.50      -27.77993
   37.50   21.00      -22.59840
   37.50   22.50      -17.78132
   37.50   24.00      -12.30568
   37.50   25.50       -5.91327
   37.50   27.00       -4.71469
   37.50   28.50       -3.97758
   37.50   30.00       -3.43261
   37.50   31.50       -2.99469
   37.50   33.00       -2.63163
   37.50   34.50       -2.33179
   37.50   36.00       -2.09034
   37.50   37.50       -1.90026
   37.50   39.00       -1.75283
   37.50   40.50       -1.64009
   37.50   42.00       -1.55574
   37.50   43.50       -1.49490
   37.50   45.00       -1.45348
   37.50   46.50       -1.42781
   37.50   48.00       -1.41438
   37.50   49.50       -1.41000
   37.50   51.00       -1.41205
   37.50   52.50       -1.41899
   37.50   54.00       -1.43108
   37.50   55.50       -1.45259
   37.50   57.00       -1.50106
   37.50   58.50       -2.97033
   37.50   60.00       -4.81144
   37.50   61.50       -9.36063
   37.50   63.00      -14.13643
   37.50   64.50      -17.48532
   37.50   66.00      -18.00901
   37.50   67.50      -15.61152
   37.50   69.00      -12.94083
   37.50   70.50      -12.33203
   37.50   72.00      -12.71070
   37.50   73.50      -11.84792
 
   39.00    0.00      -18.04375
   39.00    1.50      -22.47037
   39.00    3.00      -26.24853
   39.00    4.50      -29.90707
   39.00    6.00      -33.49175
   39.00    7.50      -36.94809
   39.00    9.00      -39.69193
   39.00   10.50      -40.83946
   39.00   12.00      -40.35983
   39.00   13.50      -38.62280
   39.00   15.00      -35.72294
   39.00   16.50      -30.93174
   39.00   18.00      -24.09928
   39.00   19.50      -17.00360
   39.00   21.00      -11.05079
   39.00   22.50       -5.88716
   39.00   24.00       -4.78770
   39.00   25.50       -3.99963
   39.00   27.00       -3.43788
   39.00   28.50       -3.00624
   39.00   30.00       -2.65667
   39.00   31.50       -2.36542
   39.00   33.00       -2.11995
   39.00   34.50       -1.91372
   39.00   36.00       -1.74265
   39.00   37.50       -1.60296
   39.00   39.00       -1.49060
   39.00   40.50       -1.40162
   39.00   42.00       -1.33251
   39.00   43.50       -1.28017
   39.00   45.00       -1.24186
   39.00   46.50       -1.21508
   39.00   48.00       -1.19751
   39.00   49.50       -1.18709
   39.00   51.00       -1.18219
   39.00   52.50       -1.18195
   39.00   54.00       -1.18701
   39.00   55.50       -1.20487
   39.00   57.00       -2.59593
   39.00   58.50       -2.72058
   39.00   60.00       -5.29570
   39.00   61.50       -8.94979
   39.00   63.00      -12.35713
   39.00   64.50      -14.16208
   39.00   66.00      -13.24350
   39.00   67.50       -9.12534
   39.00   69.00       -2.54019
   39.00   70.50       -2.19647
   39.00   72.00       -3.51823
   39.00   73.50       -4.24396
 
   40.50    0.00      -15.31644
   40.50    1.50      -18.92021
   40.50    3.00      -21.97401
   40.50    4.50      -24.76261
   40.50    6.00      -27.25072
   40.50    7.50      -29.52806
   40.50    9.00      -31.12640
   40.50   10.50      -31.19627
   40.50   12.00      -29.54255
   40.50   13.50      -26.57460
   40.50   15.00      -23.50855
   40.50   16.50      -19.15416
   40.50   18.00      -12.78834
   40.50   19.50       -7.05016
   40.50   21.00       -4.53460
   40.50   22.50       -3.84018
   40.50   24.00       -3.34863
   40.50   25.50       -2.95462
   40.50   27.00       -2.62793
   40.50   28.50       -2.35322
   40.50   30.00       -2.11917
   40.50   31.50       -1.91807
   40.50   33.00       -1.74498
   40.50   34.50       -1.59671
   40.50   36.00       -1.47097
   40.50   37.50       -1.36567
   40.50   39.00       -1.27866
   40.50   40.50       -1.20779
   40.50   42.00       -1.15097
   40.50   43.50       -1.10627
   40.50   45.00       -1.07184
   40.50   46.50       -1.04600
   40.50   48.00       -1.02716
   40.50   49.50       -1.01397
   40.50   51.00       -1.00536
   40.50   52.50       -1.00081
   40.50   54.00       -1.00081
   40.50   55.50       -1.00874
   40.50   57.00       -1.03829
   40.50   58.50       -2.46398
   40.50   60.00       -3.73514
   40.50   61.50       -6.67582
   40.50   63.00       -9.02453
   40.50   64.50       -9.85911
   40.50   66.00       -8.15732
   40.50   67.50       -3.13882
   40.50   69.00       -1.36285
   40.50   70.50       -1.20238
   40.50   72.00       -1.09222
   40.50   73.50       -0.96591
 
